0.2672 0.023322 0.17019 0.029116 0.16632 0.016259 0.12376 0.079629 0.11531 0.0088908
0.082696 0.04946 0.12797 0.12319 0.11639 0.1285 0.081476 0.081336 0.10324 0.10575
0.020696 0.14919 0.073665 0.09204 0.16007 0.0079028 0.15372 0.0028845 0.17559 0.16425
0.057795 0.0065441 0.08229 0.17447 0.18039 0.016001 0.018694 0.22039 0.093556 0.14987
0.072819 0.16549 0.17602 0.12739 0.10275 0.092939 0.023726 0.029783 0.17515 0.033928
0.17015 0.20889 0.010794 0.25848 0.052319 0.027666 0.049592 0.03038 0.086221 0.10552
0.047587 0.088674 0.16064 0.16169 0.043544 0.14848 0.070948 0.067586 0.12724 0.083614
0.088519 0.084948 0.1341 0.049067 0.13017 0.12004 0.12208 0.029091 0.097842 0.14414
0.13722 0.04578 0.15361 0.13481 0.0055322 0.13938 0.155 0.094477 0.10402 0.030176
0.062106 0.12851 0.027647 0.055402 0.13721 0.041974 0.016936 0.095083 0.19552 0.23961
0.024147 0.19806 0.053854 0.0062807 0.034534 0.13565 0.082107 0.1957 0.13707 0.1326
0.054719 0.10085 0.061853 0.13724 0.18051 0.09565 0.097177 0.16975 0.032855 0.0694
0.070938 0.11597 0.15126 0.11127 0.1586 0.21652 0.092751 0.011722 0.028487 0.042487
0.08089 0.044166 0.026041 0.091523 0.095442 0.12376 0.12527 0.14071 0.19053 0.081669
0.093282 0.089799 0.13247 0.16618 0.086528 0.147 0.11534 0.049431 0.031431 0.088536
