0.14084 0.024528 0.12206 0.084667 0.12987 0.060503 0.013113 0.10407 0.018437 0.023523 0.072135 0.022815 0.094563 0.05296 0.035913
0.1393 0.064861 0.0048954 0.068525 0.03923 0.030234 0.0082968 0.040441 0.14793 0.13368 0.0076361 0.14487 0.04557 0.078201 0.046327
0.015721 0.11337 0.034283 0.080014 0.062638 0.031085 0.065713 0.080976 0.00057372 0.071768 0.11176 0.11837 0.092194 0.063234 0.058301
0.097934 0.084942 0.0049506 0.076059 0.074956 0.066053 0.083544 0.073899 0.083087 0.058957 0.1013 0.061675 0.02026 0.087668 0.024713
0.067785 0.10285 0.010412 0.080898 0.0955 0.050734 0.10012 0.080198 0.08761 0.015538 0.052618 0.006408 0.073619 0.085202 0.090505
0.013524 0.090917 0.11417 0.03827 0.133 0.048757 0.018011 0.062467 0.12044 0.11827 0.067834 0.032552 0.025443 0.089333 0.027004
0.045732 0.0058642 0.1141 0.11161 0.089857 0.13643 0.093406 0.013764 0.013865 0.10215 0.055456 0.057992 0.060508 0.062171 0.037098
0.069486 0.10789 0.04029 0.083236 0.017613 0.074363 0.05964 0.029094 0.050796 0.044592 0.11436 0.10434 0.079491 0.10312 0.02169
0.13068 0.12747 0.12969 0.022193 0.020376 0.075026 0.0016244 0.12465 0.035467 0.070048 0.050395 0.0021023 0.10649 0.07272 0.031072
0.16973 0.11939 0.0060592 0.020932 0.045297 0.16134 0.059301 0.026804 0.14074 0.07068 0.019561 0.0075681 0.01427 0.061694 0.076641
0.02073 0.099662 0.057706 0.065547 0.11058 0.037595 0.021331 0.10862 0.056742 0.0099915 0.10262 0.022226 0.12224 0.1235 0.040918
0.095497 0.073117 0.037542 0.09443 0.025019 0.074501 0.07815 0.052968 0.089599 0.023605 0.038347 0.063867 0.076323 0.086184 0.090852
0.11851 0.048565 0.094784 0.042146 0.10082 0.093325 0.038534 0.12334 0.022516 0.015269 0.029926 0.0906 0.060273 0.068119 0.053267
0.074736 0.10093 0.12244 0.090117 0.037497 0.05858 0.081381 0.012037 0.040619 0.028317 0.062193 0.099737 0.067112 0.095846 0.028457
0.12585 0.02692 0.029386 0.035195 0.14613 0.089292 0.026049 0.069613 0.022887 0.037733 0.015168 0.07091 0.070258 0.092315 0.1423
